ap: 0.9892259147149042
f1: 0.9580152671755725
f1_threshold: 0.725
mcc: 0.9580529953692967
tpr_at_fpr_1e-03: 1.0
tpr_at_fpr_1e-04: 0.9922779922779923
tpr_at_fpr_1e-05: 0.9034749034749034
tpr_at_fpr_1e-06: 0.5752895752895753
