auroc: 0.9999921585335412
best_threshold: 0.725
best_f1: 0.9580152671755725
tpr_at_fpr_1e-03: 1.0
tpr_at_fpr_1e-04: 0.9922779922779923
tpr_at_fpr_1e-05: 0.9034749034749034
tpr_at_fpr_1e-06: 0.5752895752895753
